nappula_arvot="{1: 100, 2: 500, 3: 320, 4: 330, 5: 900, 6: 20000, 7: 100, 8: 500, 9: 320, 10: 330, 11: 900, 12: 20000}"

valkoinen_lauta_arvot="{
            1: [[0,0,0,0,0,0,0,0],
                [50,50,50,50,50,50,50,50],
                [10,10,20,30,30,20,10,10],
                [5,5,10,25,25,10,5,5],
                [0,0,0,20,20,0,0,0],
                [5,-5,-10,0,0,-10,-5,5],
                [5,10,10,-20,-20,10,10,5],
                [0,0,0,0,0,0,0,0]],
            2: [[0,0,0,0,0,0,0,0],
                [5,10,10,10,10,10,10,5],
                [-5,0,0,0,0,0,0,-5],
                [-5,0,0,0,0,0,0,-5],
                [-5,0,0,0,0,0,0,-5],
                [-5,0,0,0,0,0,0,-5],
                [-5,0,0,0,0,0,0,-5],
                [0,0,0,5,5,0,0,0]],
            3: [[-50,-40,-30,-30,-30,-30,-40,-50],
                [-40,-20,0,0,0,0,-20,-40],
                [-30,0,10,15,15,10,0,-30],
                [-30,5,15,20,20,15,5,-30],
                [-30,0,15,20,20,15,0,-30],
                [-30,5,10,15,15,10,5,-30],
                [-40,-20,0,5,5,0,-20,-40],
                [-50,-40,-30,-30,-30,-30,-40,-50]],
            4: [[-20,-10,-10,-10,-10,-10,-10,-20],
                [-10,0,0,0,0,0,0,-10],
                [-10,0,5,10,10,5,0,-10],
                [-10,5,5,10,10,5,5,-10],
                [-10,0,10,10,10,10,0,-10],
                [-10,10,10,10,10,10,10,-10],
                [-10,5,0,0,0,0,5,-10],
                [-20,-10,-10,-10,-10,-10,-10,-20]],
            5: [[-20,-10,-10,-5,-5,-10,-10,-20],
                [-10,0,0,0,0,0,0,-10],
                [-10,0,5,5,5,5,0,-10],
                [-5,0,5,5,5,5,0,-5],
                [0,0,5,5,5,5,0,-5],
                [-10,5,5,5,5,5,0,-10],
                [-10,0,5,0,0,0,0,-10],
                [-20,-10,-10,-5,-5,-10,-10,-20]],
            6: [[-30,-40,-40,-50,-50,-40,-40,-30],
                [-30,-40,-40,-50,-50,-40,-40,-30],
                [-30,-40,-40,-50,-50,-40,-40,-30],
                [-30,-40,-40,-50,-50,-40,-40,-30],
                [-20,-30,-30,-40,-40,-30,-30,-20],
                [-10,-20,-20,-20,-20,-20,-20,-10],
                [20,20,0,0,0,0,20,20],
                [20,30,10,0,0,10,30,20]]
        }"

musta_lauta_arvot="{
            7: [[0,0,0,0,0,0,0,0],
                [5,10,10,-20,-20,10,10,5],
                [5,-5,-10,0,0,-10,-5,5],
                [0,0,0,20,20,0,0,0],
                [5,5,10,25,25,10,5,5],
                [10,10,20,30,30,20,10,10],
                [50,50,50,50,50,50,50,50],
                [0,0,0,0,0,0,0,0]],
            8: [[0,0,0,5,5,0,0,0],
                [-5,0,0,0,0,0,0,-5],
                [-5,0,0,0,0,0,0,-5],
                [-5,0,0,0,0,0,0,-5],
                [-5,0,0,0,0,0,0,-5],
                [-5,0,0,0,0,0,0,-5],
                [5,10,10,10,10,10,10,5],
                [0,0,0,0,0,0,0,0]],
            9:  [[-50,-40,-30,-30,-30,-30,-40,-50],
                [-40,-20,0,5,5,0,-20,-40],
                [-30,5,10,15,15,10,5,-30],
                [-30,0,15,20,20,15,0,-30],
                [-30,5,15,20,20,15,5,-30],
                [-30,0,10,15,15,10,0,-30],
                [-40,-20,0,0,0,0,-20,-40],
                [-50,-40,-30,-30,-30,-30,-40,-50]],
            10: [[-20,-10,-10,-10,-10,-10,-10,-20],
                [-10,5,0,0,0,0,5,-10],
                [-10,10,10,10,10,10,10,-10],
                [-10,0,10,10,10,10,0,-10],
                [-10,5,5,10,10,5,5,-10],
                [-10,0,5,10,10,5,0,-10],
                [-10,0,0,0,0,0,0,-10],
                [-20,-10,-10,-10,-10,-10,-10,-20]],
            11: [[-20,-10,-10,-5,-5,-10,-10,-20],
                [-10,0,5,0,0,0,0,-10],
                [-10,5,5,5,5,5,0,-10],
                [0,0,5,5,5,5,0,-5],
                [-5,0,5,5,5,5,0,-5],
                [-10,0,5,5,5,5,0,-10],
                [-10,0,0,0,0,0,0,-10],
                [-20,-10,-10,-5,-5,-10,-10,-20]],
            12: [[20,30,10,0,0,10,30,20],
                [20,20,0,0,0,0,20,20],
                [-10,-20,-20,-20,-20,-20,-20,-10],
                [-20,-30,-30,-40,-40,-30,-30,-20],
                [-30,-40,-40,-50,-50,-40,-40,-30],
                [-30,-40,-40,-50,-50,-40,-40,-30],
                [-30,-40,-40,-50,-50,-40,-40,-30],
                [-30,-40,-40,-50,-50,-40,-40,-30]]
        }"
